%YAML:1.0
calibration_time: "Mon Jun 25 16:30:13 2012"
nframes: 20
image_width: 640
image_height: 480
board_width: 10
board_height: 7
square_size: 1.
flags: 0
camera_matrix: !!opencv-matrix
   rows: 3
   cols: 3
   dt: d
   data: [ 6.8049718594110163e+02, 0., 2.8330375781601441e+02, 0.,
       6.4395731735006211e+02, 2.4102744847335899e+02, 0., 0., 1. ]
distortion_coefficients: !!opencv-matrix
   rows: 5
   cols: 1
   dt: d
   data: [ 5.3882729493326431e-01, -4.5644183313679312e+00,
       8.6046068179620998e-03, -3.3944866246846409e-02,
       1.1278795201647407e+01 ]
avg_reprojection_error: 1.3755565618864003e+00
per_view_reprojection_errors: !!opencv-matrix
   rows: 20
   cols: 1
   dt: f
   data: [ 1.32418323e+00, 1.20079374e+00, 1.12195086e+00,
       1.13072824e+00, 1.12947083e+00, 1.12731206e+00, 1.11900318e+00,
       1.12054586e+00, 1.72324789e+00, 1.43744683e+00, 1.48757994e+00,
       1.45418310e+00, 1.44074202e+00, 1.44950569e+00, 1.44907939e+00,
       1.48014665e+00, 1.58121800e+00, 1.47430015e+00, 1.49291170e+00,
       1.52402651e+00 ]
# a set of 6-tuples (rotation vector + translation vector) for each view
extrinsic_parameters: !!opencv-matrix
   rows: 20
   cols: 6
   dt: d
   data: [ -6.1879435515784209e-01, 3.3658683548647722e-01,
       9.8772993296668398e-03, -4.1524508843908920e+00,
       -3.9259471984142364e+00, 1.8429131240983367e+01,
       -7.1947332242851680e-01, 4.7708658282064331e-01,
       1.4920306028728381e-01, -2.4307679444189759e-01,
       -3.2170525632521465e+00, 2.1457398743468509e+01,
       -7.1196318127677449e-01, 3.8933692109972695e-01,
       4.7279786823783927e-02, -3.4241662457751643e+00,
       -2.7540367938196373e+00, 2.1311706787277810e+01,
       -7.1072870600313875e-01, 3.8863953185625011e-01,
       4.9708034250576308e-02, -3.4905759834551486e+00,
       -2.8193841348670627e+00, 2.1283902622227018e+01,
       -7.0684268722367039e-01, 3.8856632312030714e-01,
       4.3559201393515559e-02, -3.5278083145388131e+00,
       -2.7348761451979997e+00, 2.1339401138654690e+01,
       -7.0726096653564796e-01, 3.9166280656199598e-01,
       4.2891548391187424e-02, -3.5963625913039841e+00,
       -2.7934659669566493e+00, 2.1321255793793799e+01,
       -7.0436899749123161e-01, 3.9381134925987515e-01,
       3.8193927309302114e-02, -3.6719604675095998e+00,
       -2.8115938286324953e+00, 2.1294299159820298e+01,
       -7.0074936122516629e-01, 3.9677717055417167e-01,
       3.6540732781857432e-02, -3.6704714484910492e+00,
       -2.7981144087557905e+00, 2.1269968736234357e+01,
       -7.9123757448750343e-01, 2.1388079698454757e-01,
       8.5737340377976434e-01, -9.9204485736522574e-01,
       -6.3009172639809687e+00, 2.8090595479477237e+01,
       -8.1881103690833612e-01, 2.9712170158140211e-01,
       8.5282953916491200e-01, 7.5739594876963523e-01,
       -4.7272136917182870e+00, 2.8274895136245476e+01,
       -8.1333746738255119e-01, 2.9678206165901366e-01,
       8.4884200661303766e-01, 6.9158926077983573e-01,
       -5.0140850788383622e+00, 2.8322925243502841e+01,
       -8.0400771359136680e-01, 3.0220306627839755e-01,
       8.3968087165716743e-01, 6.3587949126299226e-01,
       -5.3638626672934313e+00, 2.8231339091972874e+01,
       -7.8707180743467453e-01, 3.0664644463393820e-01,
       8.4355231376888817e-01, 8.9883887015869057e-01,
       -5.8276126192305808e+00, 2.8052348730114829e+01,
       -7.8603427750774613e-01, 3.0558195734003285e-01,
       8.4651558971882312e-01, 9.6715074378699850e-01,
       -5.8820674317481787e+00, 2.8023351476732895e+01,
       -7.7329388858734560e-01, 3.0886078873321954e-01,
       8.4731035210720884e-01, 1.1084353649993663e+00,
       -6.2122843291348318e+00, 2.7905482871293422e+01,
       -7.6588506994037486e-01, 3.0398502995902554e-01,
       8.4897810910982574e-01, 1.1260705579969448e+00,
       -6.4872880303522633e+00, 2.7786639373046597e+01,
       -7.6212144886976618e-01, 3.0593448298519493e-01,
       8.4491512107990741e-01, 1.1044547773748601e+00,
       -6.6399205745072427e+00, 2.7682466141622243e+01,
       -7.6358371700650363e-01, 3.0484739449763160e-01,
       8.4690553176278416e-01, 1.0938729090984642e+00,
       -6.6094457892330123e+00, 2.7720344039089383e+01,
       -7.5968431267547221e-01, 3.1059308859660201e-01,
       8.4372397145598232e-01, 1.1641746586503190e+00,
       -6.7313759606877701e+00, 2.7633148372160171e+01,
       -7.5579449258740372e-01, 3.0863649621846928e-01,
       8.4364883557629577e-01, 1.1539284063328050e+00,
       -6.8257507145905167e+00, 2.7581915649716876e+01 ]
