%YAML:1.0
calibration_time: "Mon Jun  4 22:52:49 2012"
nframes: 10
image_width: 640
image_height: 480
board_width: 10
board_height: 7
square_size: 2.5000000372529030e-02
flags: 0
camera_matrix: !!opencv-matrix
   rows: 3
   cols: 3
   dt: d
   data: [ 7.9347533180434641e+02, 0., 3.0600992497187957e+02, 0.,
       7.9545622639828787e+02, 2.4191311532098581e+02, 0., 0., 1. ]
distortion_coefficients: !!opencv-matrix
   rows: 5
   cols: 1
   dt: d
   data: [ 3.3811749594652933e-02, -6.7177397424489527e-02,
       -5.4257350876540282e-04, -4.2059769520724289e-03,
       -2.8142638631026001e-01 ]
avg_reprojection_error: 3.3440515388333791e-01
per_view_reprojection_errors: !!opencv-matrix
   rows: 10
   cols: 1
   dt: f
   data: [ 3.09393078e-01, 3.82381886e-01, 4.33083117e-01,
       5.90042174e-01, 4.74105775e-01, 1.87759802e-01, 1.47403926e-01,
       1.28375173e-01, 1.36257425e-01, 1.54314920e-01 ]
# a set of 6-tuples (rotation vector + translation vector) for each view
extrinsic_parameters: !!opencv-matrix
   rows: 10
   cols: 6
   dt: d
   data: [ -2.4923481360199984e-01, -1.0859404408105620e-02,
       -1.8596082657705706e-01, -1.1520845331927446e-01,
       -5.2226411002021543e-02, 4.0512488541943509e-01,
       -1.3517948360289361e-01, 1.3485088340710186e-01,
       -1.0098033565852133e-01, -9.6326955156257332e-02,
       -7.0904101022159702e-02, 4.0384414026667564e-01,
       -1.9229542244229417e-01, 1.5416076600857112e-01,
       -4.6870342435750600e-04, -4.0163247317616703e-02,
       -9.5557930834221885e-02, 6.1094619964918462e-01,
       -1.7659112778034605e-01, 1.4039282246667578e-01,
       -1.1704188806608284e-02, -4.0180125004791581e-02,
       -1.0160297289674222e-01, 5.9789573259853235e-01,
       -1.0714733919426446e-01, 2.0517806389990673e-01,
       1.7924956261981456e-02, -3.7560506294921768e-02,
       -1.0504134423370502e-01, 5.4717227768935894e-01,
       -1.1243243866486102e-01, 1.8179369948005100e-01,
       1.6890687568118588e-02, -4.2482301643450689e-02,
       -8.5954563343678361e-02, 5.3620003249028403e-01,
       -8.9883449601443455e-02, 1.8460717756746178e-01,
       -1.7517901646324267e-02, -6.9441556330812199e-02,
       -9.7872564323635350e-02, 5.2889176966126750e-01,
       -6.7086864530671531e-02, 1.9326435147397070e-01,
       -1.4505947115090198e-02, -6.4125115625406293e-02,
       -1.0652299292098900e-01, 5.1414091804067763e-01,
       -6.3252722680972331e-02, 1.9359665222831549e-01,
       -1.5364774183618693e-02, -6.2932019791029498e-02,
       -1.0955843718489133e-01, 5.1101875570200295e-01,
       -5.5727239620515241e-02, 1.9819974147591468e-01,
       -1.5716009282784733e-02, -6.0805643743633023e-02,
       -1.0955809144559009e-01, 5.0748929814363808e-01 ]
image_points: !!opencv-matrix
   rows: 10
   cols: 70
   dt: "2f"
   data: [ 7.90490570e+01, 1.38593414e+02, 1.27877747e+02,
       1.29987747e+02, 1.76258713e+02, 1.21378952e+02, 2.24657394e+02,
       1.12771790e+02, 2.72818665e+02, 1.04682961e+02, 3.20498779e+02,
       9.62210464e+01, 3.67784088e+02, 8.76077576e+01, 4.15160370e+02,
       7.90713806e+01, 4.62250854e+02, 7.06914291e+01, 5.08926147e+02,
       6.23544922e+01, 8.51744614e+01, 1.84841629e+02, 1.34727570e+02,
       1.76024673e+02, 1.83780792e+02, 1.66980698e+02, 2.33110672e+02,
       1.58359680e+02, 2.81718475e+02, 1.49721252e+02, 3.30189880e+02,
       1.41225815e+02, 3.77937378e+02, 1.32337769e+02, 4.26184967e+02,
       1.23573952e+02, 4.73851654e+02, 1.15001877e+02, 5.21424011e+02,
       1.06330818e+02, 9.12691650e+01, 2.32542328e+02, 1.41478714e+02,
       2.23249466e+02, 1.91506241e+02, 2.14184326e+02, 2.41399460e+02,
       2.04977646e+02, 2.90960480e+02, 1.96205856e+02, 3.39751007e+02,
       1.87289490e+02, 3.88544495e+02, 1.78352432e+02, 4.37202087e+02,
       1.69340591e+02, 4.85864380e+02, 1.60383606e+02, 5.33811523e+02,
       1.51543106e+02, 9.73846359e+01, 2.81482941e+02, 1.48405258e+02,
       2.72031464e+02, 1.99235184e+02, 2.62401123e+02, 2.49917801e+02,
       2.53123413e+02, 3.00108795e+02, 2.43984589e+02, 3.49725281e+02,
       2.34760529e+02, 3.99065186e+02, 2.25530273e+02, 4.48725037e+02,
       2.16271423e+02, 4.97891571e+02, 2.07213226e+02, 5.46843506e+02,
       1.98104568e+02, 1.03510223e+02, 3.32338226e+02, 1.55370041e+02,
       3.22365570e+02, 2.06822220e+02, 3.12459106e+02, 2.58479126e+02,
       3.02646606e+02, 3.09350800e+02, 2.93265656e+02, 3.59800995e+02,
       2.83763489e+02, 4.09983917e+02, 2.74257324e+02, 4.60273315e+02,
       2.64843353e+02, 5.10439606e+02, 2.55435867e+02, 5.59832581e+02,
       2.46222092e+02, 1.09719444e+02, 3.84659149e+02, 1.62294739e+02,
       3.74466034e+02, 2.14758942e+02, 3.64000519e+02, 2.66952515e+02,
       3.53888000e+02, 3.18978485e+02, 3.44326050e+02, 3.70088135e+02,
       3.34443481e+02, 4.21109070e+02, 3.24640686e+02, 4.72280518e+02,
       3.14807983e+02, 5.22971313e+02, 3.05447296e+02, 5.73392822e+02,
       2.95732361e+02, 1.16080963e+02, 4.38898987e+02, 1.69475571e+02,
       4.28353638e+02, 2.22605835e+02, 4.17606079e+02, 2.75942078e+02,
       4.07279999e+02, 3.28489136e+02, 3.96920990e+02, 3.80671753e+02,
       3.86865295e+02, 4.32487183e+02, 3.76684845e+02, 4.84443207e+02,
       3.66757263e+02, 5.36078003e+02, 3.56741730e+02, 5.86932312e+02,
       3.46943024e+02, 1.15206367e+02, 1.01679298e+02, 1.62858582e+02,
       9.53955383e+01, 2.11093903e+02, 8.86525726e+01, 2.60313934e+02,
       8.20333023e+01, 3.10183228e+02, 7.56022949e+01, 3.60712860e+02,
       6.86424255e+01, 4.11864471e+02, 6.14095192e+01, 4.64098755e+02,
       5.41137238e+01, 5.17330688e+02, 4.67979355e+01, 5.70989563e+02,
       3.93869133e+01, 1.18436577e+02, 1.49761703e+02, 1.66418503e+02,
       1.43762222e+02, 2.15008102e+02, 1.37293228e+02, 2.64810059e+02,
       1.31113113e+02, 3.15034851e+02, 1.24842102e+02, 3.66111572e+02,
       1.18359482e+02, 4.17603027e+02, 1.11433907e+02, 4.70576111e+02,
       1.04508492e+02, 5.24132080e+02, 9.75937424e+01, 5.78574097e+02,
       9.04447861e+01, 1.21506508e+02, 1.98578491e+02, 1.69946854e+02,
       1.92709686e+02, 2.19220917e+02, 1.86805359e+02, 2.69308228e+02,
       1.80681290e+02, 3.20171417e+02, 1.74911087e+02, 3.71280548e+02,
       1.68675156e+02, 4.23561371e+02, 1.62247437e+02, 4.76855591e+02,
       1.55674438e+02, 5.31274597e+02, 1.49065903e+02, 5.85995056e+02,
       1.42320099e+02, 1.24614815e+02, 2.47961563e+02, 1.73537003e+02,
       2.42540176e+02, 2.23214142e+02, 2.36701309e+02, 2.73917084e+02,
       2.31173553e+02, 3.25021637e+02, 2.25597778e+02, 3.76815948e+02,
       2.19682312e+02, 4.29416443e+02, 2.13743607e+02, 4.83515930e+02,
       2.07463913e+02, 5.38312988e+02, 2.01433670e+02, 5.93779480e+02,
       1.95118729e+02, 1.27767731e+02, 2.98467438e+02, 1.77193375e+02,
       2.93181305e+02, 2.27249710e+02, 2.87785156e+02, 2.78446503e+02,
       2.82379486e+02, 3.30092041e+02, 2.77193726e+02, 3.82357330e+02,
       2.71745972e+02, 4.35544159e+02, 2.66005890e+02, 4.90007782e+02,
       2.60497192e+02, 5.45547241e+02, 2.54655029e+02, 6.01529053e+02,
       2.48833664e+02, 1.30894104e+02, 3.49753693e+02, 1.80600327e+02,
       3.44747711e+02, 2.31315460e+02, 3.39575226e+02, 2.82880951e+02,
       3.34594727e+02, 3.35174408e+02, 3.29806671e+02, 3.87900970e+02,
       3.24651001e+02, 4.41725403e+02, 3.19519287e+02, 4.96856689e+02,
       3.14237091e+02, 5.52749207e+02, 3.09086517e+02, 6.09457275e+02,
       3.03558075e+02, 1.34044281e+02, 4.02062469e+02, 1.84190521e+02,
       3.97491272e+02, 2.35248978e+02, 3.92616211e+02, 2.87491730e+02,
       3.88059265e+02, 3.40217377e+02, 3.83508087e+02, 3.93615906e+02,
       3.78759674e+02, 4.47949951e+02, 3.73941803e+02, 5.03656586e+02,
       3.69270020e+02, 5.60225769e+02, 3.64334290e+02, 6.17302673e+02,
       3.59335846e+02, 2.53721405e+02, 1.17079987e+02, 2.85849426e+02,
       1.15958199e+02, 3.18356659e+02, 1.14546432e+02, 3.51533386e+02,
       1.12843651e+02, 3.84296021e+02, 1.12552109e+02, 4.18362427e+02,
