%YAML:1.0
calibration_time: "Sun Jun  3 02:26:14 2012"
image_width: 640
image_height: 480
board_width: 8
board_height: 6
square_size: 2.5000000372529030e-02
flags: 0
camera_matrix: !!opencv-matrix
   rows: 3
   cols: 3
   dt: d
   data: [ 4.9422477394598536e+02, 0., 3.1909147823158742e+02, 0.,
       4.9445705926848467e+02, 2.3225658670260543e+02, 0., 0., 1. ]
distortion_coefficients: !!opencv-matrix
   rows: 5
   cols: 1
   dt: d
   data: [ 7.4294654708453645e-02, -3.0615242985793106e-01,
       -5.2319995702276084e-03, -5.8154038010528129e-03,
       3.1842309501796967e-01 ]
avg_reprojection_error: 4.7906358426425455e-01
image_points: !!opencv-matrix
   rows: 10
   cols: 48
   dt: "2f"
   data: [ 2.21879028e+02, 1.38392807e+02, 2.73656097e+02,
       1.36714920e+02, 3.26126953e+02, 1.34802765e+02, 3.79787567e+02,
       1.33106476e+02, 4.35037689e+02, 1.30909454e+02, 4.91664795e+02,
       1.29165604e+02, 5.48400085e+02, 1.27513710e+02, 6.06614075e+02,
       1.26170479e+02, 2.22491516e+02, 1.90987747e+02, 2.73518738e+02,
       1.89815628e+02, 3.26218262e+02, 1.88717514e+02, 3.79447327e+02,
       1.87446136e+02, 4.35123657e+02, 1.86286713e+02, 4.90883148e+02,
       1.84814682e+02, 5.48282593e+02, 1.83669952e+02, 6.05911987e+02,
       1.82638382e+02, 2.22570282e+02, 2.43059296e+02, 2.73741547e+02,
       2.42578308e+02, 3.25914673e+02, 2.42001480e+02, 3.79354065e+02,
       2.41460312e+02, 4.34384674e+02, 2.40748154e+02, 4.90773376e+02,
       2.40191330e+02, 5.47288391e+02, 2.39516739e+02, 6.05510620e+02,
       2.38884735e+02, 2.22995163e+02, 2.94823425e+02, 2.73648224e+02,
       2.94791229e+02, 3.26158112e+02, 2.94778870e+02, 3.78915039e+02,
       2.94861481e+02, 4.34110382e+02, 2.95256714e+02, 4.89741852e+02,
       2.94859192e+02, 5.46810303e+02, 2.94885468e+02, 6.04505249e+02,
       2.94934479e+02, 2.22670410e+02, 3.46831207e+02, 2.73976746e+02,
       3.47628784e+02, 3.25875244e+02, 3.48162872e+02, 3.79055267e+02,
       3.48981903e+02, 4.33691803e+02, 3.49461975e+02, 4.89628143e+02,
       3.50177673e+02, 5.45670227e+02, 3.50557739e+02, 6.03639771e+02,
       3.50830780e+02, 2.23298370e+02, 3.98627167e+02, 2.74182281e+02,
       3.99795227e+02, 3.26171997e+02, 4.00792145e+02, 3.79143768e+02,
       4.02150787e+02, 4.33627594e+02, 4.03504181e+02, 4.88824799e+02,
       4.04374542e+02, 5.44927979e+02, 4.05409058e+02, 6.02403809e+02,
       4.06295685e+02, 2.25003021e+02, 1.89400101e+02, 2.69559601e+02,
       1.88867691e+02, 3.14380798e+02, 1.88732941e+02, 3.59542847e+02,
       1.88400589e+02, 4.05493958e+02, 1.88022720e+02, 4.52064789e+02,
       1.87594254e+02, 4.98596924e+02, 1.87220642e+02, 5.45841980e+02,
       1.86844269e+02, 2.25680786e+02, 2.34237289e+02, 2.69917389e+02,
       2.34182297e+02, 3.14555145e+02, 2.33937073e+02, 3.59456055e+02,
       2.34026260e+02, 4.05410675e+02, 2.33868317e+02, 4.51507233e+02,
       2.33696869e+02, 4.98229767e+02, 2.33576660e+02, 5.45035461e+02,
       2.33544922e+02, 2.26269180e+02, 2.78481415e+02, 2.70417328e+02,
       2.78644684e+02, 3.14702454e+02, 2.78833496e+02, 3.59517151e+02,
       2.78827454e+02, 4.05119049e+02, 2.79020935e+02, 4.51187286e+02,
       2.79285156e+02, 4.97518250e+02, 2.79427002e+02, 5.44437378e+02,
       2.79484100e+02, 2.26663208e+02, 3.22412811e+02, 2.70660522e+02,
       3.22747070e+02, 3.14908997e+02, 3.23160187e+02, 3.59512756e+02,
       3.23570648e+02, 4.05012543e+02, 3.24091827e+02, 4.50745575e+02,
       3.24482544e+02, 4.96841064e+02, 3.24711029e+02, 5.43461060e+02,
       3.24997223e+02, 2.27173538e+02, 3.66555145e+02, 2.70968201e+02,
       3.67088684e+02, 3.14981506e+02, 3.67595093e+02, 3.59609497e+02,
       3.68391541e+02, 4.04750702e+02, 3.69046295e+02, 4.50442932e+02,
       3.69640930e+02, 4.96181610e+02, 3.70134308e+02, 5.42434998e+02,
       3.70535400e+02, 2.27613144e+02, 4.09905365e+02, 2.71210571e+02,
       4.10792511e+02, 3.15342712e+02, 4.11446045e+02, 3.59557770e+02,
       4.12427246e+02, 4.04677521e+02, 4.13362671e+02, 4.50035065e+02,
       4.14049408e+02, 4.95475006e+02, 4.14588959e+02, 5.41403137e+02,
       4.15070709e+02, 2.05687073e+02, 1.84124405e+02, 2.49599731e+02,
       1.82773392e+02, 2.93917542e+02, 1.81712585e+02, 3.38420654e+02,
       1.80517288e+02, 3.83876953e+02, 1.79252975e+02, 4.29753143e+02,
       1.78101593e+02, 4.75981262e+02, 1.76653244e+02, 5.22869202e+02,
       1.75513397e+02, 2.07350006e+02, 2.28417618e+02, 2.50822800e+02,
       2.27502625e+02, 2.95030426e+02, 2.26574860e+02, 3.39329254e+02,
       2.25727509e+02, 3.84599731e+02, 2.24735138e+02, 4.30369659e+02,
       2.23680679e+02, 4.76502533e+02, 2.22776337e+02, 5.23201904e+02,
       2.21792160e+02, 2.08673645e+02, 2.72314484e+02, 2.52355591e+02,
       2.71588348e+02, 2.96207642e+02, 2.71003204e+02, 3.40367645e+02,
       2.70321991e+02, 3.85410492e+02, 2.69633881e+02, 4.30858612e+02,
       2.68985779e+02, 4.76845367e+02, 2.68345764e+02, 5.23493347e+02,
       2.67584717e+02, 2.10263947e+02, 3.15711395e+02, 2.53496262e+02,
       3.15309662e+02, 2.97330719e+02, 3.14780853e+02, 3.41390991e+02,
       3.14558716e+02, 3.86298523e+02, 3.14295441e+02, 4.31480743e+02,
       3.13827789e+02, 4.77375702e+02, 3.13414307e+02, 5.23564514e+02,
       3.12815552e+02, 2.11442200e+02, 3.59407104e+02, 2.54693146e+02,
       3.59287384e+02, 2.98363739e+02, 3.58956879e+02, 3.42389008e+02,
       3.58822876e+02, 3.87207611e+02, 3.58642212e+02, 4.32199493e+02,
       3.58625214e+02, 4.77600830e+02, 3.58440643e+02, 5.23666443e+02,
       3.58121307e+02, 2.12875778e+02, 4.02462646e+02, 2.55849991e+02,
       4.02487762e+02, 2.99473236e+02, 4.02479187e+02, 3.43268066e+02,
       4.02507477e+02, 3.87901001e+02, 4.02641754e+02, 4.32682343e+02,
       4.02680206e+02, 4.77803955e+02, 4.02647614e+02, 5.23606995e+02,
       4.02568481e+02, 1.85065277e+02, 1.70518082e+02, 2.27021042e+02,
       1.71866592e+02, 2.69537476e+02, 1.73245361e+02, 3.12820221e+02,
       1.74628143e+02, 3.57368713e+02, 1.76158966e+02, 4.02703033e+02,
       1.77446518e+02, 4.48916809e+02, 1.78886566e+02, 4.96526428e+02,
       1.80429245e+02, 1.81363068e+02, 2.12987823e+02, 2.23505951e+02,
       2.14819580e+02, 2.66464111e+02, 2.16737961e+02, 3.09996582e+02,
       2.18594284e+02, 3.55043060e+02, 2.20532089e+02, 4.00680267e+02,
       2.22449203e+02, 4.47565704e+02, 2.24449677e+02, 4.95508575e+02,
       2.26526367e+02, 1.77311035e+02, 2.56385651e+02, 2.19791168e+02,
       2.58534393e+02, 2.63185913e+02, 2.60790741e+02, 3.07335388e+02,
       2.63197632e+02, 3.52563599e+02, 2.65634033e+02, 3.98758911e+02,
       2.68284210e+02, 4.45864044e+02, 2.70773376e+02, 4.94531311e+02,
       2.73478455e+02, 1.73269272e+02, 3.00329926e+02, 2.16178665e+02,
       3.03083344e+02, 2.59935638e+02, 3.05807312e+02, 3.04263611e+02,
       3.08667847e+02, 3.50227509e+02, 3.11761108e+02, 3.96666138e+02,
       3.14902405e+02, 4.44367645e+02, 3.17983032e+02, 4.93314667e+02,
       3.21304657e+02, 1.68811981e+02, 3.45366364e+02, 2.12260742e+02,
       3.48723145e+02, 2.56403839e+02, 3.52230957e+02, 3.01431671e+02,
       3.55558563e+02, 3.47565063e+02, 3.59246948e+02, 3.94645721e+02,
       3.62894287e+02, 4.42637054e+02, 3.66701569e+02, 4.91996948e+02,
       3.70414551e+02, 1.64777191e+02, 3.91268921e+02, 2.08285400e+02,
       3.95349213e+02, 2.52803909e+02, 3.99276215e+02, 2.98261444e+02,
       4.03219543e+02, 3.44952240e+02, 4.07232391e+02, 3.92441315e+02,
       4.11693604e+02, 4.40853668e+02, 4.15906158e+02, 4.90518005e+02,
       4.20179291e+02, 1.73221710e+02, 1.79822037e+02, 2.22617828e+02,
       1.80598221e+02, 2.72871002e+02, 1.81434296e+02, 3.24579407e+02,
       1.82255753e+02, 3.77811981e+02, 1.82922012e+02, 4.32427032e+02,
       1.83711655e+02, 4.88132355e+02, 1.84619186e+02, 5.45399658e+02,
       1.85582626e+02, 1.71247940e+02, 2.30865234e+02, 2.20662704e+02,
       2.32343491e+02, 2.71294403e+02, 2.33809631e+02, 3.22793732e+02,
       2.35294464e+02, 3.76258606e+02, 2.36676987e+02, 4.30752991e+02,
