%YAML:1.0
calibration_time: "Mon Jun 25 11:02:32 2012"
nframes: 10
image_width: 640
image_height: 480
board_width: 4
board_height: 5
square_size: 2.5000000372529030e-02
flags: 0
camera_matrix: !!opencv-matrix
   rows: 3
   cols: 3
   dt: d
   data: [ 7.0468932888784298e+02, 0., 3.3402491230543677e+02, 0.,
       7.0247027526520390e+02, 2.2036723132555070e+02, 0., 0., 1. ]
distortion_coefficients: !!opencv-matrix
   rows: 5
   cols: 1
   dt: d
   data: [ -4.1171626708951442e-01, 3.0788470161257320e+00,
       7.1624060980037896e-04, 3.3042363415714251e-03,
       -7.5315633935675406e+00 ]
avg_reprojection_error: 6.7870954931975025e-01
per_view_reprojection_errors: !!opencv-matrix
   rows: 10
   cols: 1
   dt: f
   data: [ 4.55722183e-01, 3.43854934e-01, 5.11727154e-01,
       1.23968983e+00, 4.01031524e-01, 1.31692326e+00, 3.43588024e-01,
       5.04506648e-01, 3.55972022e-01, 2.95707852e-01 ]
# a set of 6-tuples (rotation vector + translation vector) for each view
extrinsic_parameters: !!opencv-matrix
   rows: 10
   cols: 6
   dt: d
   data: [ -9.9315105131712475e-02, 1.8037538997284558e-01,
       -3.0577291882918320e+00, 7.6999345060161067e-02,
       8.5481097486903315e-02, 2.9972523575068655e-01,
       -2.0706009527061969e-01, -1.4178066709081220e-03,
       -1.5608759492263873e+00, -1.2046822438377023e-02,
       1.0892961103184393e-01, 3.1119167130223158e-01,
       -4.4363517112489342e-02, -1.2005666115877861e-01,
       1.5114681727657824e+00, -2.4831560288993422e-02,
       -7.1226470091538360e-02, 3.0652573436343800e-01,
       1.5581387843698818e-01, -9.0387139754471227e-02,
       -1.5603452288726285e+00, -6.5839981218049279e-02,
       -9.4544812416243566e-03, 3.3220220630527425e-01,
       2.5048707297735778e-01, 2.7960787821378671e-03,
       -3.1106375696403603e+00, 1.4502208784385143e-02,
       5.5982787668282762e-02, 2.4584188354726719e-01,
       7.2910352803577973e-03, -7.2905406248692350e-02,
       2.0198544766784302e-02, 1.3846055387612747e-02,
       -5.6212145138364956e-02, 2.5730091616632622e-01,
       1.2155967211521244e-01, -1.6464047451150182e-01,
       -1.5463282269069594e+00, -6.5586058549261014e-02,
       1.6502563666731827e-02, 2.1590484033708549e-01,
       7.6816221038437799e-02, -1.6673122523029432e-01,
       -1.5824669799815891e+00, -2.9101830772904552e-02,
       4.2531952518423323e-02, 2.6193135907608833e-01,
       -1.8427468287591278e-01, 4.8150647878972580e-02,
       1.5707097701866428e+00, 6.8296371624040370e-02,
       -5.5844648321293142e-02, 2.6737975256147045e-01,
       -1.4004854440586606e-02, -1.3062250966060837e-01,
       -1.5613468976215197e+00, -2.6892106845488158e-02,
       5.4556589417458001e-02, 1.9829293901688180e-01 ]
image_points: !!opencv-matrix
   rows: 10
   cols: 20
   dt: "2f"
   data: [ 5.12166138e+02, 4.17797638e+02, 4.53941711e+02,
       4.11766510e+02, 3.96370575e+02, 4.06210327e+02, 3.40121674e+02,
       4.00989166e+02, 5.18251648e+02, 3.62285583e+02, 4.59472565e+02,
       3.56628723e+02, 4.01448669e+02, 3.51594391e+02, 3.44315216e+02,
       3.47048431e+02, 5.24654175e+02, 3.05417053e+02, 4.65358398e+02,
       3.00155670e+02, 4.06707733e+02, 2.95544617e+02, 3.48770416e+02,
       2.91275360e+02, 5.31164185e+02, 2.47045853e+02, 4.71213928e+02,
       2.42100189e+02, 4.12149384e+02, 2.37420853e+02, 3.53340088e+02,
       2.32936844e+02, 5.37880676e+02, 1.87344269e+02, 4.76838104e+02,
       1.82503036e+02, 4.17140625e+02, 1.77757538e+02, 3.57558441e+02,
       1.73495438e+02, 3.07696991e+02, 4.61814545e+02, 3.08482086e+02,
       4.05261322e+02, 3.09043488e+02, 3.50078430e+02, 3.09637970e+02,
       2.95456329e+02, 3.63429718e+02, 4.64394562e+02, 3.63645447e+02,
       4.07125763e+02, 3.63999115e+02, 3.51093201e+02, 3.64572113e+02,
       2.95893097e+02, 4.20175446e+02, 4.67245819e+02, 4.19666290e+02,
       4.09023438e+02, 4.19553680e+02, 3.52317719e+02, 4.19755951e+02,
       2.96274597e+02, 4.77740234e+02, 4.69790405e+02, 4.76863281e+02,
       4.10982697e+02, 4.76143494e+02, 3.53266907e+02, 4.75362427e+02,
       2.96552795e+02, 5.36165466e+02, 4.71638611e+02, 5.35292419e+02,
       4.12900482e+02, 5.33697571e+02, 3.54456573e+02, 5.32409485e+02,
       2.96854889e+02, 2.78659882e+02, 5.96138916e+01, 2.81560181e+02,
       1.15763657e+02, 2.84459473e+02, 1.71889908e+02, 2.87254578e+02,
       2.28227097e+02, 2.21312958e+02, 6.23744774e+01, 2.24549561e+02,
       1.18996880e+02, 2.27380234e+02, 1.75425552e+02, 2.30480301e+02,
       2.31319519e+02, 1.63466415e+02, 6.49356537e+01, 1.67169434e+02,
       1.22180351e+02, 1.70541245e+02, 1.78727203e+02, 1.74130310e+02,
       2.34913681e+02, 1.04738907e+02, 6.71884155e+01, 1.08741173e+02,
       1.24937042e+02, 1.12779938e+02, 1.81727264e+02, 1.16605988e+02,
       2.38091202e+02, 4.62277985e+01, 7.02658234e+01, 4.99061432e+01,
       1.27575951e+02, 5.38866310e+01, 1.85042999e+02, 5.82409973e+01,
       2.41283005e+02, 1.94297607e+02, 2.01853409e+02, 1.99107635e+02,
       1.48812973e+02, 1.97008026e+02, 9.66594696e+01, 1.99560303e+02,
       4.31982574e+01, 2.48874405e+02, 2.00558548e+02, 2.47258087e+02,
       1.49900131e+02, 2.50832565e+02, 9.68801041e+01, 2.50350006e+02,
       4.59261971e+01, 2.98264832e+02, 2.01589890e+02, 3.01508331e+02,
       1.49601166e+02, 3.00325592e+02, 9.85879898e+01, 3.02141327e+02,
       4.73133812e+01, 3.51995605e+02, 2.01989182e+02, 3.50483643e+02,
       1.50647430e+02, 3.52178253e+02, 9.95307007e+01, 3.51805328e+02,
       4.94964638e+01, 4.00548218e+02, 2.02290314e+02, 4.01420074e+02,
       1.51431152e+02, 4.00729492e+02, 1.01507729e+02, 4.01542297e+02,
       5.13331718e+01, 3.75123627e+02, 3.78295410e+02, 3.05122803e+02,
       3.79156525e+02, 2.33146790e+02, 3.79667938e+02, 1.58556519e+02,
       3.80167633e+02, 3.77102386e+02, 3.08639069e+02, 3.06258850e+02,
       3.08777008e+02, 2.33766006e+02, 3.07914856e+02, 1.59859543e+02,
       3.06821381e+02, 3.78806030e+02, 2.37569656e+02, 3.07704529e+02,
       2.36339340e+02, 2.34778412e+02, 2.34929886e+02, 1.60888275e+02,
       2.33339661e+02, 3.79911072e+02, 1.66378922e+02, 3.09271576e+02,
       1.63813782e+02, 2.36496552e+02, 1.61841919e+02, 1.62426880e+02,
       1.59449203e+02, 3.80726715e+02, 9.65358124e+01, 3.10737183e+02,
       9.30274506e+01, 2.38463226e+02, 8.96083221e+01, 1.63852264e+02,
       8.57216339e+01, 3.70619720e+02, 6.83236847e+01, 4.38336700e+02,
       7.17441788e+01, 5.04404266e+02, 7.50337753e+01, 5.67965210e+02,
       7.83811417e+01, 3.69100494e+02, 1.34220627e+02, 4.37513428e+02,
       1.38171539e+02, 5.02842621e+02, 1.40871094e+02, 5.66805237e+02,
       1.43055923e+02, 3.68755127e+02, 2.06511856e+02, 4.36058472e+02,
       2.05098343e+02, 5.01518127e+02, 2.06251572e+02, 5.65246582e+02,
       2.07697830e+02, 3.66246063e+02, 2.71201660e+02, 4.34803650e+02,
       2.71113861e+02, 5.00188110e+02, 2.72083374e+02, 5.64075989e+02,
       2.73137482e+02, 3.64182922e+02, 3.38791016e+02, 4.32607544e+02,
       3.38434448e+02, 4.98668427e+02, 3.37884918e+02, 5.62711792e+02,
       3.37641052e+02, 1.24829124e+02, 2.72719208e+02, 1.26688240e+02,
       1.93182053e+02, 1.28643661e+02, 1.14216682e+02, 1.30465515e+02,
       3.55354118e+01, 2.04990677e+02, 2.74071564e+02, 2.06686646e+02,
       1.95593338e+02, 2.08897064e+02, 1.18111389e+02, 2.10688431e+02,
       4.12413902e+01, 2.82722382e+02, 2.75114563e+02, 2.84150421e+02,
       1.97359283e+02, 2.86052368e+02, 1.20973129e+02, 2.87645386e+02,
       4.62548790e+01, 3.58998291e+02, 2.75945404e+02, 3.60270996e+02,
       1.99326324e+02, 3.61049896e+02, 1.24409531e+02, 3.61845764e+02,
       5.08110886e+01, 4.32140717e+02, 2.76534698e+02, 4.33105164e+02,
       2.01884247e+02, 4.33385895e+02, 1.28474976e+02, 4.34190002e+02,
       5.55301056e+01, 2.57626770e+02, 3.32557190e+02, 2.55582748e+02,
       2.67025757e+02, 2.54873734e+02, 2.01147903e+02, 2.52605011e+02,
       1.35071533e+02, 3.22469604e+02, 3.30848450e+02, 3.21472168e+02,
