%YAML:1.0
calibration_time: "Mon Jun 25 16:35:32 2012"
nframes: 10
image_width: 640
image_height: 480
board_width: 10
board_height: 7
square_size: 2.5000000372529030e-02
flags: 0
camera_matrix: !!opencv-matrix
   rows: 3
   cols: 3
   dt: d
   data: [ 8.1360793252884196e+02, 0., 2.2202891042333354e+02, 0.,
       8.0198825786752025e+02, 1.0336909578470716e+02, 0., 0., 1. ]
distortion_coefficients: !!opencv-matrix
   rows: 5
   cols: 1
   dt: d
   data: [ -2.5153022145970375e-02, 1.8779541559631183e-01,
       5.4614036870218492e-03, -1.8208349066208808e-02,
       -5.1340446206183921e-01 ]
avg_reprojection_error: 9.0604413842546760e-01
per_view_reprojection_errors: !!opencv-matrix
   rows: 10
   cols: 1
   dt: f
   data: [ 9.51015174e-01, 9.05460119e-01, 7.92440772e-01,
       7.56482899e-01, 7.66195655e-01, 7.82734454e-01, 7.86211252e-01,
       7.60722220e-01, 1.39143395e+00, 9.75704432e-01 ]
# a set of 6-tuples (rotation vector + translation vector) for each view
extrinsic_parameters: !!opencv-matrix
   rows: 10
   cols: 6
   dt: d
   data: [ -8.4008210248470649e-01, 2.7835080990507294e-01,
       -3.7616526865852824e-02, -8.4017124822272943e-02,
       2.3514270557515825e-02, 4.8808684546808367e-01,
       -8.2980464587410485e-01, 3.1552529946695340e-01,
       -2.6140500722771555e-02, -7.6421087467971105e-02,
       2.3228717371097194e-02, 4.8926126011613758e-01,
       -8.1408033908111166e-01, 4.3342217175621989e-01,
       5.4993535597648503e-02, -2.8635111866024753e-02,
       1.5380985734462180e-02, 5.4458221110580085e-01,
       -8.4132883993255114e-01, 3.9108552686677556e-01,
       1.5537218164539084e-02, -5.5758391973712122e-02,
       2.9633446493590246e-02, 5.3844460037555120e-01,
       -8.2914901422562071e-01, 3.9398488793964609e-01,
       1.3090992010271529e-02, -5.7061753867683057e-02,
       2.7064197164802170e-02, 5.3861021657414043e-01,
       -8.3284110945063450e-01, 3.9528063856728174e-01,
       1.0309820395218135e-02, -5.9996772890881303e-02,
       2.8806321317922209e-02, 5.4160263312413814e-01,
       -8.2561942224441820e-01, 3.9552200004319299e-01,
       4.9383738897307884e-03, -6.2309344786366176e-02,
       2.5443482961833925e-02, 5.3914540573739833e-01,
       -8.1818959102996625e-01, 4.0005942965092900e-01,
       -1.3325461766830970e-03, -6.2766571852654454e-02,
       2.6593621252256738e-02, 5.4166016224977875e-01,
       -7.8655353757612223e-01, 3.0508396165314577e-01,
       2.4493123171237509e-02, -8.0662383799551360e-02,
       -7.6299209677284374e-03, 5.0915868446437373e-01,
       -7.2344708371163569e-01, 4.5684411643158462e-01,
       1.1852841428455435e-01, -1.7730312390571365e-02,
       -3.5393244112047195e-02, 4.9086677018824515e-01 ]
image_points: !!opencv-matrix
   rows: 10
   cols: 70
   dt: "2f"
   data: [ 8.09513550e+01, 1.42321518e+02, 1.20578751e+02,
       1.36651688e+02, 1.60699524e+02, 1.30706787e+02, 2.02152725e+02,
       1.24935944e+02, 2.44084152e+02, 1.19048965e+02, 2.86672607e+02,
       1.13272316e+02, 3.29838959e+02, 1.07486847e+02, 3.74338684e+02,
       1.01943893e+02, 4.19760925e+02, 9.62295227e+01, 4.65276459e+02,
       9.03466415e+01, 7.17365494e+01, 1.72855270e+02, 1.12346191e+02,
       1.66844925e+02, 1.53992691e+02, 1.60650833e+02, 1.97251312e+02,
       1.55136276e+02, 2.41163437e+02, 1.49389603e+02, 2.85596100e+02,
       1.43864883e+02, 3.30877197e+02, 1.38255249e+02, 3.77067444e+02,
       1.33141998e+02, 4.24329315e+02, 1.27222015e+02, 4.71861298e+02,
       1.20379425e+02, 6.14743576e+01, 2.05821213e+02, 1.03553093e+02,
       1.99671005e+02, 1.47108154e+02, 1.93727249e+02, 1.92291885e+02,
       1.88107254e+02, 2.38318726e+02, 1.82682724e+02, 2.84462097e+02,
       1.77694595e+02, 3.31650909e+02, 1.72233551e+02, 3.79835571e+02,
       1.64993408e+02, 4.29164886e+02, 1.58367188e+02, 4.79111176e+02,
       1.52079620e+02, 5.05000153e+01, 2.41550934e+02, 9.45969772e+01,
       2.36047485e+02, 1.40498901e+02, 2.30728668e+02, 1.87683624e+02,
       2.25953949e+02, 2.35638519e+02, 2.20875259e+02, 2.83455383e+02,
       2.13964249e+02, 3.32309021e+02, 2.07583191e+02, 3.82811859e+02,
       2.01779541e+02, 4.34509705e+02, 1.95203690e+02, 4.87015869e+02,
       1.88539688e+02, 3.96242332e+01, 2.81438721e+02, 8.57031479e+01,
       2.76669250e+02, 1.33140320e+02, 2.71581421e+02, 1.82171249e+02,
       2.66093445e+02, 2.32070847e+02, 2.60385834e+02, 2.82274231e+02,
       2.54485535e+02, 3.33418488e+02, 2.47930603e+02, 3.86348969e+02,
       2.41984314e+02, 4.40708313e+02, 2.36598618e+02, 4.95981995e+02,
       2.30645050e+02, 2.56035347e+01, 3.23404266e+02, 7.38106155e+01,
       3.18859894e+02, 1.23224556e+02, 3.13798767e+02, 1.74693832e+02,
       3.08605591e+02, 2.27493942e+02, 3.03863129e+02, 2.80770660e+02,
       2.98467834e+02, 3.34891266e+02, 2.92964844e+02, 3.90546967e+02,
       2.87301117e+02, 4.47869720e+02, 2.82567261e+02, 5.05797974e+02,
       2.77102173e+02, 9.90435123e+00, 3.69781433e+02, 6.16137047e+01,
       3.66033234e+02, 1.13710876e+02, 3.62207367e+02, 1.67977310e+02,
       3.57917664e+02, 2.23462494e+02, 3.53293427e+02, 2.79721863e+02,
       3.48433868e+02, 3.36652832e+02, 3.43450439e+02, 3.95510284e+02,
       3.38307678e+02, 4.55957275e+02, 3.33390442e+02, 5.16976257e+02,
       3.28181976e+02, 9.35678482e+01, 1.41448715e+02, 1.32739182e+02,
       1.35791794e+02, 1.72634155e+02, 1.29726791e+02, 2.13720093e+02,
       1.23999977e+02, 2.55479996e+02, 1.17893745e+02, 2.98372345e+02,
       1.11732620e+02, 3.41681458e+02, 1.05969116e+02, 3.86603973e+02,
       1.00147247e+02, 4.32862000e+02, 9.42325516e+01, 4.79148315e+02,
       8.77119141e+01, 8.40645065e+01, 1.72760620e+02, 1.24359352e+02,
       1.66612976e+02, 1.65603851e+02, 1.60445389e+02, 2.08717133e+02,
       1.54942001e+02, 2.52121857e+02, 1.49009827e+02, 2.96618591e+02,
       1.43326721e+02, 3.41781219e+02, 1.37454941e+02, 3.88987091e+02,
       1.31826309e+02, 4.36826416e+02, 1.26091820e+02, 4.85487793e+02,
       1.18957657e+02, 7.36009827e+01, 2.06047638e+02, 1.15171761e+02,
       1.99831131e+02, 1.58313004e+02, 1.93910492e+02, 2.03059357e+02,
       1.88219376e+02, 2.48443054e+02, 1.83131699e+02, 2.95369232e+02,
       1.77983490e+02, 3.42265076e+02, 1.72405197e+02, 3.91115692e+02,
       1.65174026e+02, 4.40844391e+02, 1.58193649e+02, 4.92044586e+02,
       1.51982559e+02, 6.23075027e+01, 2.41851517e+02, 1.05854004e+02,
       2.36192520e+02, 1.51080414e+02, 2.31421082e+02, 1.97673096e+02,
       2.26658844e+02, 2.45316879e+02, 2.21414673e+02, 2.93276093e+02,
       2.14892761e+02, 3.42318176e+02, 2.08742569e+02, 3.93366486e+02,
       2.02828949e+02, 4.45881256e+02, 1.96180237e+02, 4.99307983e+02,
       1.89668716e+02, 5.10493851e+01, 2.81591583e+02, 9.64730835e+01,
       2.77314819e+02, 1.43249817e+02, 2.72193481e+02, 1.91758835e+02,
       2.67078186e+02, 2.41404694e+02, 2.62133636e+02, 2.91423218e+02,
       2.55984146e+02, 3.42753174e+02, 2.49744781e+02, 3.95813965e+02,
       2.43905212e+02, 4.51160034e+02, 2.38721451e+02, 5.07173279e+02,
       2.33018402e+02, 3.66087456e+01, 3.23513062e+02, 8.38569717e+01,
       3.19561249e+02, 1.32485992e+02, 3.14411346e+02, 1.83295013e+02,
       3.10328674e+02, 2.35854980e+02, 3.05287231e+02, 2.88972168e+02,
       3.00213593e+02, 3.43265900e+02, 2.95356293e+02, 3.99085571e+02,
       2.90071960e+02, 4.57232788e+02, 2.85498657e+02, 5.16121155e+02,
       2.80520081e+02, 2.04817467e+01, 3.69232361e+02, 7.09925690e+01,
       3.66114807e+02, 1.22237648e+02, 3.62714996e+02, 1.75554153e+02,
       3.59005585e+02, 2.30386871e+02, 3.55143127e+02, 2.86570709e+02,
       3.50530762e+02, 3.43618317e+02, 3.46109894e+02, 4.02777802e+02,
       3.41480896e+02, 4.63655365e+02, 3.37193634e+02, 5.25656860e+02,
       3.32360107e+02, 1.79440659e+02, 1.25855858e+02, 2.13608551e+02,
       1.22051971e+02, 2.48440216e+02, 1.17964943e+02, 2.84791443e+02,
       1.13568474e+02, 3.22002045e+02, 1.09292015e+02, 3.60665497e+02,
