%YAML:1.0
calibration_time: "Sun Jun 24 16:38:50 2012"
nframes: 10
image_width: 640
image_height: 480
board_width: 4
board_height: 5
square_size: 2.5000000372529030e-02
flags: 0
camera_matrix: !!opencv-matrix
   rows: 3
   cols: 3
   dt: d
   data: [ 6.9877682642899254e+02, 0., 3.3161557096755473e+02, 0.,
       7.4365006529780874e+02, 3.8584782549028643e+02, 0., 0., 1. ]
distortion_coefficients: !!opencv-matrix
   rows: 5
   cols: 1
   dt: d
   data: [ -6.6491330700039111e-02, 6.8406615328869402e-01,
       5.9527137553234974e-03, -2.7228166341164073e-03,
       -1.2254281248408248e+00 ]
avg_reprojection_error: 9.1919561162747254e-01
per_view_reprojection_errors: !!opencv-matrix
   rows: 10
   cols: 1
   dt: f
   data: [ 1.34984505e+00, 5.84748507e-01, 3.96882296e-01,
       7.86701798e-01, 6.65497959e-01, 3.26593965e-01, 1.12433040e+00,
       3.41000587e-01, 1.83432484e+00, 4.62686777e-01 ]
# a set of 6-tuples (rotation vector + translation vector) for each view
extrinsic_parameters: !!opencv-matrix
   rows: 10
   cols: 6
   dt: d
   data: [ -5.1083041735620682e-01, -3.9320813034106689e-01,
       -1.5808222593554384e+00, -5.5278991135237612e-02,
       2.1804718784088944e-02, 3.1886280410956480e-01,
       -5.8679561788289991e-01, 2.3703572692051710e-02,
       8.5505824609425300e-03, -5.0978219126123457e-03,
       -9.8173924534425847e-02, 2.8835220653665550e-01,
       -4.3141653553816595e-01, 4.0108463031552971e-01,
       1.4495847536643807e+00, 3.0269831379839660e-02,
       -8.8101632799110971e-02, 1.8631459227189606e-01,
       -5.3008078930013913e-01, -2.5037258518564507e-02,
       -8.9535133767854838e-02, -5.1043761743081860e-02,
       -8.7167809242687369e-02, 1.8303086421817794e-01,
       -5.2730188284572865e-01, -2.5685148092183183e-02,
       -9.1819021170037304e-02, -5.3707797936403880e-02,
       -8.7207898656088731e-02, 1.8657074736619650e-01,
       -5.5129864143447782e-01, -1.6008944117582133e-03,
       -8.3054757639210330e-02, -4.9920941847941845e-02,
       -9.1414797589452632e-02, 2.2611648484356595e-01,
       -5.7980616566885679e-01, 3.6726893106113608e-02,
       -6.1094169143377924e-02, -2.3375182110206422e-02,
       -7.8398291828378805e-02, 2.5036623344581321e-01,
       -4.5273728753863385e-01, -4.5599972933462457e-01,
       -1.5934092608617043e+00, -4.5692279963889047e-02,
       -2.9759075363356867e-04, 1.9030591038679009e-01,
       -1.6254575876511060e-01, 5.0901805016343504e-01,
       1.5278409543964948e+00, 5.7549010135071348e-02,
       -7.8470459310572199e-02, 1.9067277611314501e-01,
       -2.5257758634544092e-01, 4.8638254376261547e-01,
       1.5140789388960110e+00, 6.5801832674185268e-02,
       -7.5761534856038260e-02, 1.9413677354218481e-01 ]
image_points: !!opencv-matrix
   rows: 10
   cols: 20
   dt: "2f"
   data: [ 2.10627716e+02, 4.36380310e+02, 2.14213608e+02,
       3.88324585e+02, 2.16800491e+02, 3.41484863e+02, 2.18604492e+02,
       3.01643219e+02, 2.66187561e+02, 4.33515167e+02, 2.66414612e+02,
       3.82326569e+02, 2.66641968e+02, 3.38863281e+02, 2.67111420e+02,
       2.96418488e+02, 3.14864471e+02, 4.29635101e+02, 3.19016510e+02,
       3.79096375e+02, 3.17110565e+02, 3.33412933e+02, 3.15672852e+02,
       2.93238617e+02, 3.75250061e+02, 4.23809052e+02, 3.70946808e+02,
       3.74586578e+02, 3.67872925e+02, 3.29827209e+02, 3.64188721e+02,
       2.88671143e+02, 4.30444489e+02, 4.19588593e+02, 4.25335297e+02,
       3.70123993e+02, 4.18582642e+02, 3.25300476e+02, 4.13227509e+02,
       2.84644257e+02, 3.18491089e+02, 1.33650894e+02, 3.80282990e+02,
       1.34401215e+02, 4.39825684e+02, 1.32767181e+02, 5.01581238e+02,
       1.33773270e+02, 3.18196228e+02, 1.78229507e+02, 3.80749878e+02,
       1.76770172e+02, 4.45141449e+02, 1.77390137e+02, 5.08458038e+02,
       1.76447876e+02, 3.15642883e+02, 2.25089798e+02, 3.83120422e+02,
       2.25452042e+02, 4.49604919e+02, 2.24557175e+02, 5.16925476e+02,
       2.24786514e+02, 3.14134735e+02, 2.78928955e+02, 3.84452362e+02,
       2.78312378e+02, 4.55604187e+02, 2.78680237e+02, 5.26566589e+02,
       2.78027802e+02, 3.11594391e+02, 3.38629150e+02, 3.87105194e+02,
       3.38763885e+02, 4.61995056e+02, 3.38608368e+02, 5.37518555e+02,
       3.38792755e+02, 4.44710632e+02, 3.50620842e+01, 4.61316559e+02,
       1.01341690e+02, 4.79855591e+02, 1.78223816e+02, 5.02500793e+02,
       2.66620850e+02, 3.51449219e+02, 4.04810028e+01, 3.61180542e+02,
       1.07949928e+02, 3.72446930e+02, 1.84609833e+02, 3.86114624e+02,
       2.75086090e+02, 2.56692657e+02, 4.54784775e+01, 2.60179413e+02,
       1.13611343e+02, 2.63280151e+02, 1.91776855e+02, 2.67702271e+02,
       2.83006409e+02, 1.60787064e+02, 5.04838142e+01, 1.56711533e+02,
       1.18955673e+02, 1.52573685e+02, 1.98607880e+02, 1.47138260e+02,
       2.90456207e+02, 6.37087746e+01, 5.52419891e+01, 5.25779457e+01,
       1.24653671e+02, 3.87653198e+01, 2.04973022e+02, 2.23878193e+01,
       2.99884094e+02, 1.35417206e+02, 3.14162292e+01, 2.31605881e+02,
       2.61735706e+01, 3.26751190e+02, 2.08526955e+01, 4.20184204e+02,
       1.51469212e+01, 1.30220901e+02, 9.97165375e+01, 2.34126633e+02,
       9.38709793e+01, 3.35315704e+02, 8.78027420e+01, 4.35685852e+02,
       8.09410934e+01, 1.25268402e+02, 1.78704361e+02, 2.36601242e+02,
       1.71336731e+02, 3.45962830e+02, 1.64346817e+02, 4.52858398e+02,
       1.56857681e+02, 1.18859779e+02, 2.69521027e+02, 2.40170776e+02,
       2.61398865e+02, 3.57893097e+02, 2.52668991e+02, 4.73757050e+02,
       2.43535141e+02, 1.10305344e+02, 3.79335388e+02, 2.44723297e+02,
       3.66412811e+02, 3.71425140e+02, 3.56227783e+02, 4.99932892e+02,
       3.47819489e+02, 1.29065552e+02, 3.82931023e+01, 2.23521606e+02,
       3.29387283e+01, 3.16642578e+02, 2.74864082e+01, 4.08539337e+02,
       2.16503773e+01, 1.23920471e+02, 1.05475838e+02, 2.25736771e+02,
       9.94854965e+01, 3.24885803e+02, 9.35245438e+01, 4.23124756e+02,
       8.66251297e+01, 1.18954941e+02, 1.83205872e+02, 2.27982178e+02,
       1.75641266e+02, 3.34907959e+02, 1.68647507e+02, 4.39355286e+02,
       1.61080612e+02, 1.12821602e+02, 2.72357025e+02, 2.30994110e+02,
       2.64544250e+02, 3.45960205e+02, 2.55618134e+02, 4.58800171e+02,
       2.46541077e+02, 1.03770584e+02, 3.80225555e+02, 2.34522629e+02,
       3.67392883e+02, 3.58203583e+02, 3.57301147e+02, 4.82817902e+02,
       3.48612823e+02, 1.76800583e+02, 8.60952835e+01, 2.54165634e+02,
       8.07490387e+01, 3.31130585e+02, 7.54643097e+01, 4.07385742e+02,
       6.96337891e+01, 1.74016754e+02, 1.41728394e+02, 2.56261932e+02,
       1.36065155e+02, 3.37503296e+02, 1.30166199e+02, 4.18282471e+02,
       1.23818558e+02, 1.70967209e+02, 2.04679443e+02, 2.58330475e+02,
       1.98060272e+02, 3.44860809e+02, 1.91697540e+02, 4.30581116e+02,
       1.84899521e+02, 1.67404495e+02, 2.75463348e+02, 2.60780182e+02,
       2.68474121e+02, 3.53259399e+02, 2.61510254e+02, 4.44748657e+02,
       2.54046509e+02, 1.62685791e+02, 3.58044525e+02, 2.63932709e+02,
       3.49215515e+02, 3.62536987e+02, 3.41254608e+02, 4.61488464e+02,
       3.34143036e+02, 2.67644073e+02, 1.54163361e+02, 3.36617584e+02,
       1.49158997e+02, 4.05253845e+02, 1.44295441e+02, 4.73680328e+02,
       1.39207489e+02, 2.66943878e+02, 2.05577789e+02, 3.40447144e+02,
       1.99960709e+02, 4.13189758e+02, 1.94832504e+02, 4.85653809e+02,
       1.89427109e+02, 2.66567596e+02, 2.63406921e+02, 3.44468079e+02,
       2.57682129e+02, 4.21985687e+02, 2.51825470e+02, 4.99279266e+02,
       2.46297104e+02, 2.63737915e+02, 3.30822266e+02, 3.49299591e+02,
       3.22962921e+02, 4.32371735e+02, 3.17345642e+02, 5.15128784e+02,
       3.10872528e+02, 2.64592346e+02, 4.06206055e+02, 3.53105377e+02,
       4.00511200e+02, 4.44342224e+02, 3.92606873e+02, 5.33452393e+02,
       3.86234772e+02, 1.64425262e+02, 3.84515930e+02, 1.69546539e+02,
       3.08832886e+02, 1.74311325e+02, 2.42521500e+02, 1.78334167e+02,
       1.84076538e+02, 2.55331406e+02, 3.77985809e+02, 2.54986801e+02,
